# Time-averaged data for fix myat1
# TimeStep v_kinetic_energy v_potential_energy v_pressure
90 0.560081 -1.70784 0.252907
100 0.749309 -1.55828 0.90062
110 0.867976 -1.46878 1.25506
120 0.918745 -1.45 1.27668
130 0.963443 -1.41765 1.3246
140 0.953632 -1.41695 1.26198
150 0.984004 -1.40575 1.23869
160 0.985563 -1.37112 1.2916
170 0.970627 -1.38874 1.19915
180 0.952692 -1.3979 1.14061
190 0.955309 -1.38588 1.17306
200 0.998806 -1.37035 1.22561
210 1.00433 -1.36857 1.19466
220 0.976685 -1.36287 1.17801
230 1.02585 -1.35305 1.21234
240 1.01653 -1.3783 1.11623
250 1.00792 -1.3421 1.23153
260 1.01781 -1.35602 1.16362
270 1.03041 -1.31805 1.2561
280 1.0615 -1.33107 1.19964
290 1.05124 -1.34455 1.11454
300 1.03489 -1.34359 1.10238
310 1.03241 -1.35746 1.06107
320 1.01585 -1.32788 1.15968
330 0.985619 -1.32691 1.14672
340 1.01424 -1.34295 1.08948
350 0.970329 -1.35177 1.01845
360 0.971601 -1.34856 1.02465
370 0.98148 -1.34617 1.03407
380 0.98273 -1.36849 0.952614
390 1.0323 -1.35702 1.00108
400 1.00091 -1.34379 1.01606
410 1.01332 -1.32578 1.06686
420 1.0391 -1.36286 0.937914
430 1.03395 -1.37037 0.915134
440 1.00616 -1.32236 1.07211
450 1.01596 -1.3443 1.00525
460 0.998511 -1.34776 0.990336
470 0.941376 -1.34548 0.941956
480 0.999942 -1.34709 0.933509
490 0.965681 -1.33672 0.945065
500 1.03775 -1.33144 0.987073
510 0.993664 -1.33361 0.97807
520 1.04068 -1.34282 0.975747
530 1.03356 -1.36254 0.907914
540 0.972768 -1.33918 0.945275
550 0.994502 -1.35117 0.895667
560 0.963834 -1.3593 0.83434
570 0.987826 -1.35737 0.848296
580 1.00455 -1.3485 0.866143
590 1.02691 -1.32985 0.926377
600 0.979145 -1.32749 0.911048
610 1.03075 -1.32985 0.911589
620 0.977445 -1.34065 0.858667
630 0.982585 -1.33857 0.873103
640 0.985668 -1.35162 0.834691
650 1.03354 -1.3572 0.843111
660 1.01093 -1.35704 0.827937
670 0.972135 -1.32847 0.904071
680 0.989536 -1.31165 0.956372
690 0.993263 -1.32298 0.904559
700 0.999819 -1.34963 0.805419
710 0.972149 -1.34355 0.815495
720 0.987829 -1.34281 0.849302
730 0.96349 -1.33255 0.900415
740 0.996759 -1.34311 0.876458
750 0.989196 -1.32509 0.936436
760 1.03362 -1.37132 0.803288
770 1.06258 -1.35854 0.860208
780 1.03459 -1.32607 0.953923
790 1.02104 -1.35684 0.861401
800 0.940188 -1.35139 0.824052
810 0.981876 -1.35862 0.801531
820 0.984542 -1.32434 0.907345
830 0.972554 -1.34252 0.830419
840 0.995593 -1.3374 0.881877
850 0.98385 -1.33895 0.867657
860 0.966625 -1.34088 0.815152
870 1.00468 -1.33562 0.837199
880 0.995257 -1.33137 0.853711
890 1.01823 -1.31588 0.930405
900 1.02756 -1.32846 0.911272
910 1.00716 -1.31986 0.956959
920 1.04238 -1.31299 1.0114
930 1.03869 -1.3311 0.944792
940 1.01774 -1.33245 0.914612
950 0.994015 -1.31851 0.956315
960 1.00832 -1.3012 1.01487
970 1.03076 -1.31057 0.987204
980 0.989737 -1.28252 1.06509
990 1.00024 -1.28517 1.03978
1000 0.999479 -1.28836 1.01563
1010 0.959048 -1.28381 1.00788
1020 0.995978 -1.32012 0.886076
1030 1.03549 -1.34062 0.80491
1040 0.985719 -1.33731 0.790838
1050 0.971261 -1.33544 0.806865
1060 0.978729 -1.33553 0.806558
1070 0.959767 -1.33495 0.781895
1080 1.01693 -1.34575 0.757703
1090 0.99877 -1.32719 0.832533
1100 0.988758 -1.3246 0.852893
1110 1.00302 -1.34935 0.780421
1120 0.992302 -1.33444 0.837427
1130 0.986751 -1.32764 0.867249
1140 0.969812 -1.34727 0.797949
1150 1.00157 -1.3361 0.86365
1160 0.987005 -1.33354 0.878174
1170 1.00008 -1.31082 0.958804
1180 1.01017 -1.32012 0.895687
1190 1.03085 -1.30061 0.944281
1200 1.04207 -1.31721 0.911624
1210 0.975925 -1.33081 0.863093
1220 1.00281 -1.32513 0.913545
1230 1.01048 -1.3321 0.901759
1240 1.01366 -1.35175 0.828525
1250 1.00626 -1.34517 0.836141
1260 0.991324 -1.34665 0.81058
1270 1.02443 -1.3448 0.834982
1280 0.9931 -1.33996 0.851415
1290 0.986419 -1.35394 0.794541
1300 0.961622 -1.37092 0.716367
1310 1.00719 -1.36122 0.776471
1320 1.02697 -1.35775 0.830092
1330 1.00399 -1.33796 0.928208
1340 0.999955 -1.30669 1.01552
1350 1.00884 -1.34385 0.85481
1360 0.974218 -1.3481 0.795757
1370 0.974719 -1.32829 0.843889
1380 0.957374 -1.34121 0.776121
1390 0.965914 -1.34432 0.769852
1400 0.944001 -1.32972 0.827147
1410 1.01716 -1.35254 0.789429
1420 0.97483 -1.33994 0.821744
1430 0.985452 -1.32582 0.873794
1440 1.02049 -1.32918 0.867613
1450 0.944483 -1.31435 0.87506
1460 0.994641 -1.33313 0.845436
1470 0.989275 -1.32239 0.895282
1480 1.02369 -1.33071 0.888716
1490 1.03412 -1.34397 0.858969
1500 0.985908 -1.33238 0.867984
1510 0.943319 -1.33053 0.846722
1520 0.965171 -1.34248 0.795299
1530 0.963083 -1.32833 0.836949
1540 1.02235 -1.30846 0.92853
1550 1.04136 -1.33314 0.831354
1560 1.01788 -1.32863 0.819584
1570 0.992116 -1.34188 0.757843
1580 0.948083 -1.31967 0.801699
1590 0.991764 -1.3208 0.817243
1600 0.98594 -1.30795 0.848334
1610 1.02825 -1.31879 0.823301
1620 1.02753 -1.32985 0.785214
1630 0.989551 -1.3298 0.780222
1640 1.0378 -1.31565 0.871711
1650 0.999772 -1.3217 0.846438
1660 0.979559 -1.31674 0.830944
1670 0.955706 -1.33975 0.73995
1680 0.966922 -1.33292 0.773413
1690 1.03144 -1.34651 0.771503
1700 0.996854 -1.32369 0.847271
1710 0.970014 -1.31604 0.874595
1720 0.981981 -1.30368 0.916799
1730 0.98516 -1.33128 0.811433
1740 1.04372 -1.3415 0.788368
1750 1.02595 -1.31935 0.847348
1760 1.02193 -1.34483 0.746274
1770 1.00844 -1.30663 0.859427
1780 0.978761 -1.32145 0.801801
1790 0.953728 -1.32352 0.800901
1800 0.984919 -1.32616 0.809769
1810 1.01154 -1.34231 0.772718
1820 0.996863 -1.33235 0.7947
1830 0.96686 -1.30527 0.87919
1840 0.975789 -1.31738 0.829704
1850 0.934786 -1.32246 0.794164
1860 0.919165 -1.31069 0.826077
1870 0.934176 -1.32359 0.783782
1880 0.978852 -1.35653 0.676463
1890 0.987497 -1.34824 0.718646
1900 0.991836 -1.3301 0.7971
1910 0.991033 -1.32702 0.797659
1920 0.970463 -1.33515 0.761062
1930 0.978439 -1.32321 0.801971
1940 0.993716 -1.33039 0.761512
1950 1.00997 -1.34615 0.709484
1960 0.971899 -1.31271 0.826658
1970 0.947137 -1.32294 0.780464
1980 0.970918 -1.33284 0.768235
1990 1.00663 -1.31203 0.846859
2000 1.0275 -1.32808 0.804719
2010 0.994669 -1.34633 0.74613
2020 0.964283 -1.32545 0.814483
2030 0.993123 -1.31502 0.862983
2040 1.00177 -1.29997 0.91368
2050 0.993764 -1.31841 0.845604
2060 0.97757 -1.31437 0.859326
2070 0.968024 -1.32707 0.843602
2080 1.0076 -1.3295 0.876444
2090 1.00917 -1.32338 0.90215
2100 1.00878 -1.31171 0.927654
2110 1.02648 -1.29885 0.971029
2120 1.05085 -1.31988 0.895163
2130 1.02802 -1.2948 0.95206
2140 0.989721 -1.29116 0.930428
2150 0.986537 -1.29728 0.892594
2160 0.992728 -1.32412 0.781776
2170 0.991562 -1.32603 0.78592
2180 0.981411 -1.318 0.834654
2190 0.988302 -1.32046 0.858379
2200 1.03041 -1.33236 0.838201
2210 1.01593 -1.33713 0.812098
2220 1.01369 -1.32539 0.870159
2230 0.99794 -1.33452 0.840906
2240 1.0185 -1.34526 0.810843
2250 1.02439 -1.33541 0.852954
2260 1.05587 -1.33844 0.859898
2270 1.04619 -1.33581 0.85611
2280 0.995891 -1.3611 0.748347
2290 1.01319 -1.35161 0.778702
2300 1.01803 -1.34473 0.820435
2310 0.986164 -1.35736 0.766752
2320 1.00037 -1.35241 0.799551
2330 0.992223 -1.33136 0.881883
2340 1.05255 -1.33544 0.8793
2350 1.0344 -1.34931 0.800861
2360 0.996092 -1.35631 0.750307
2370 1.00267 -1.3507 0.765476
2380 0.995831 -1.34201 0.775581
2390 1.00783 -1.3336 0.811518
2400 0.978909 -1.31713 0.872567
2410 0.994257 -1.337 0.819301
2420 1.04523 -1.32332 0.904798
2430 1.0127 -1.3094 0.954671
2440 0.992071 -1.3195 0.907409
2450 0.98779 -1.30405 0.966863
2460 0.969987 -1.33129 0.84889
2470 0.997977 -1.33964 0.81376
2480 1.01606 -1.34102 0.807337
2490 1.00509 -1.33797 0.830867
2500 0.967362 -1.33145 0.854753
2510 1.03255 -1.34969 0.833831
2520 1.00815 -1.33005 0.895443
2530 1.02643 -1.33226 0.884327
2540 1.00395 -1.34683 0.81329
2550 0.998742 -1.32336 0.885357
2560 0.997875 -1.33952 0.801899
2570 0.986484 -1.32658 0.828863
2580 1.00491 -1.34642 0.767382
2590 0.987845 -1.32593 0.81839
2600 1.00825 -1.31931 0.849249
2610 1.03513 -1.32002 0.876107
2620 1.05535 -1.31998 0.89455
2630 1.0104 -1.33235 0.83723
2640 0.983091 -1.32014 0.888233
2650 1.00292 -1.33971 0.848698
2660 1.03161 -1.3245 0.901634
2670 1.00612 -1.33766 0.814359
2680 1.0074 -1.32979 0.820877
2690 0.956329 -1.32492 0.820098
2700 0.987148 -1.33344 0.792237
2710 1.00909 -1.33344 0.79397
2720 1.04346 -1.34681 0.762347
2730 0.972689 -1.30232 0.885493
2740 1.00481 -1.33675 0.783855
2750 1.01793 -1.29014 0.924649
2760 1.03088 -1.32732 0.781276
2770 0.981254 -1.32245 0.78034
2780 0.994678 -1.29715 0.882446
2790 1.03738 -1.32062 0.837648
2800 1.00615 -1.3113 0.882887
2810 1.00193 -1.30508 0.910439
2820 0.999169 -1.30767 0.895648
2830 0.987802 -1.33292 0.790926
2840 1.0047 -1.31535 0.848302
2850 0.998175 -1.31881 0.842675
2860 0.966992 -1.30721 0.858028
2870 0.988386 -1.33522 0.762186
2880 1.00062 -1.32529 0.802537
2890 1.05448 -1.32482 0.818066
2900 1.01467 -1.3201 0.817418
2910 1.05092 -1.33768 0.784196
2920 1.02704 -1.34358 0.765397
2930 1.0234 -1.31956 0.843441
2940 0.993597 -1.33049 0.788549
2950 0.988464 -1.34019 0.745867
2960 1.01353 -1.33364 0.773025
2970 1.02421 -1.33091 0.780335
2980 1.03263 -1.32983 0.797866
2990 1.00318 -1.33098 0.787132
3000 1.02481 -1.30549 0.887958
3010 1.00054 -1.31916 0.839846
3020 0.959687 -1.30251 0.87814
3030 1.00888 -1.31407 0.835618
3040 1.00435 -1.31999 0.81554
3050 0.977285 -1.30552 0.85819
3060 0.988042 -1.31731 0.809817
3070 0.982143 -1.34296 0.699073
3080 1.0098 -1.34375 0.701956
3090 1.01468 -1.33471 0.721651
3100 0.977966 -1.32194 0.768904
3110 0.959926 -1.31596 0.825482
3120 0.985932 -1.33653 0.788849
3130 1.00767 -1.34709 0.780899
3140 1.0162 -1.32166 0.873118
3150 1.03165 -1.33432 0.804308
3160 1.02511 -1.32356 0.794516
3170 1.01715 -1.29828 0.84054
3180 0.961524 -1.30739 0.766274
3190 0.975756 -1.30335 0.797179
3200 1.00521 -1.31652 0.770431
3210 1.01605 -1.30244 0.812202
3220 1.0114 -1.32868 0.72075
3230 1.03901 -1.31431 0.804231
3240 1.02265 -1.30474 0.866241
3250 1.02509 -1.30908 0.87363
3260 1.00055 -1.29724 0.908624
3270 0.988773 -1.30922 0.836275
3280 1.016 -1.32123 0.773625
3290 0.992878 -1.31922 0.762325
3300 1.0132 -1.32136 0.759658
3310 1.01368 -1.29945 0.846433
3320 1.00834 -1.32867 0.748505
3330 0.981292 -1.31614 0.784389
3340 1.0287 -1.30741 0.839102
3350 0.970081 -1.31202 0.799994
3360 0.962086 -1.30937 0.819572
3370 0.946728 -1.31959 0.790142
3380 1.01555 -1.34261 0.737616
3390 0.985393 -1.34219 0.717501
3400 1.02359 -1.35233 0.68742
3410 0.992607 -1.32714 0.745789
3420 0.943831 -1.31609 0.744183
3430 0.965474 -1.34369 0.663278
3440 0.986898 -1.34064 0.704015
3450 0.983606 -1.33224 0.751332
3460 0.999007 -1.33561 0.742704
3470 1.01269 -1.33705 0.739991
3480 1.02331 -1.32862 0.78237
3490 1.00948 -1.30787 0.853088
3500 0.979005 -1.33777 0.741495
3510 1.00881 -1.33176 0.762202
3520 1.01467 -1.34923 0.721471
3530 0.993136 -1.31757 0.819301
3540 0.97745 -1.3354 0.745745
3550 0.999509 -1.33124 0.76482
3560 1.02321 -1.32396 0.806411
3570 0.980075 -1.30133 0.878063
3580 1.00589 -1.32268 0.830012
3590 1.03043 -1.34922 0.751089
3600 1.02715 -1.32175 0.848873
3610 0.984829 -1.31508 0.850461
3620 0.977848 -1.33823 0.781467
3630 0.995399 -1.33772 0.808268
3640 1.00755 -1.32522 0.88049
3650 0.999663 -1.31551 0.938684
3660 0.980755 -1.32955 0.868297
3670 0.999059 -1.33647 0.82884
3680 0.989874 -1.31821 0.874933
3690 1.00686 -1.32789 0.850948
3700 1.05156 -1.3332 0.862021
3710 1.00773 -1.32291 0.881576
3720 0.978757 -1.32873 0.839182
3730 0.962754 -1.32015 0.853086
3740 0.975347 -1.33123 0.822999
3750 0.939602 -1.31191 0.890884
3760 1.0219 -1.31929 0.916434
3770 1.00324 -1.31692 0.893433
3780 1.00153 -1.34406 0.799199
3790 1.00555 -1.31866 0.895831
3800 1.03207 -1.34036 0.831854
3810 0.9905 -1.32759 0.83761
3820 1.00861 -1.32748 0.838008
3830 0.987387 -1.3366 0.780412
3840 0.97699 -1.29546 0.909789
3850 0.997641 -1.32299 0.821258
3860 1.03658 -1.31468 0.863533
3870 1.00617 -1.31157 0.841106
3880 1.01866 -1.32458 0.809412
3890 1.01908 -1.29435 0.903633
3900 0.999613 -1.31647 0.801311
3910 0.961202 -1.31194 0.801896
3920 1.01662 -1.31064 0.844519
3930 1.03076 -1.30204 0.899539
3940 1.00322 -1.30352 0.905608
3950 1.00837 -1.31377 0.882527
3960 0.989596 -1.33406 0.800954
3970 0.986846 -1.31272 0.849909
3980 0.99874 -1.32653 0.817619
3990 0.974779 -1.33742 0.7725
4000 0.998866 -1.34608 0.768396
4010 0.991962 -1.34983 0.748477
4020 1.05697 -1.37159 0.666596
4030 0.966795 -1.33468 0.751455
4040 1.02238 -1.32413 0.803284
4050 1.0168 -1.33272 0.769348
4060 1.01518 -1.31199 0.859398
4070 1.02481 -1.31164 0.871134
4080 1.00851 -1.31807 0.842416
4090 1.02479 -1.30892 0.873034
4100 1.03284 -1.32449 0.806539
4110 1.03113 -1.3086 0.852623
4120 1.03056 -1.31186 0.82155
4130 1.01392 -1.30526 0.84657
4140 0.99379 -1.31871 0.813897
4150 0.989743 -1.34519 0.743422
4160 0.965581 -1.32816 0.796366
4170 1.00319 -1.34732 0.758767
4180 0.974512 -1.33668 0.785968
4190 0.979018 -1.35515 0.726175
4200 0.976244 -1.34864 0.752898
4210 1.01236 -1.35271 0.785251
4220 1.00273 -1.3465 0.781427
4230 0.991755 -1.3334 0.799104
4240 1.00417 -1.33951 0.784209
4250 0.996818 -1.33365 0.820058
4260 0.977391 -1.34527 0.786318
4270 0.984008 -1.3389 0.813491
4280 0.990194 -1.32074 0.878548
4290 0.997471 -1.30489 0.932319
4300 0.961943 -1.32621 0.82111
4310 1.02121 -1.32846 0.830519
4320 1.01871 -1.31895 0.862787
4330 1.02289 -1.35642 0.73826
4340 1.02895 -1.33402 0.834622
4350 1.00872 -1.33572 0.817583
4360 0.968318 -1.33731 0.788564
4370 0.946526 -1.31422 0.865768
4380 0.972027 -1.32176 0.840046
4390 0.984718 -1.33142 0.800142
4400 0.997293 -1.33757 0.797669
4410 0.999286 -1.3073 0.903842
4420 1.02259 -1.31657 0.887783
4430 1.01494 -1.33369 0.822923
4440 1.06652 -1.34368 0.816188
4450 1.00957 -1.36079 0.738312
4460 0.978629 -1.35187 0.750308
4470 1.0181 -1.34892 0.783161
4480 1.02262 -1.3108 0.884422
4490 1.03495 -1.34137 0.759997
4500 1.03979 -1.34011 0.757951
4510 1.01716 -1.31817 0.852041
4520 0.991249 -1.33092 0.788113
4530 0.981745 -1.34664 0.691099
4540 1.00186 -1.33804 0.699848
4550 0.984764 -1.34041 0.68904
4560 0.992802 -1.34067 0.710805
4570 0.995308 -1.33817 0.733034
4580 0.998234 -1.3215 0.802369
4590 1.04125 -1.34676 0.737178
4600 0.96726 -1.33847 0.740277
4610 0.964642 -1.35 0.712445
4620 0.956077 -1.35211 0.702754
4630 0.988372 -1.3379 0.76298
4640 0.977282 -1.32863 0.782046
4650 0.96331 -1.32645 0.77111
4660 0.964916 -1.28947 0.886587
4670 0.994277 -1.31277 0.803943
4680 1.01213 -1.30962 0.818647
4690 1.01873 -1.31453 0.816227
4700 1.03989 -1.29823 0.894391
4710 1.01343 -1.3239 0.812776
4720 1.03022 -1.32276 0.81788
4730 0.989117 -1.32404 0.775835
4740 1.0117 -1.32857 0.746267
4750 0.990516 -1.33956 0.693579
4760 0.984783 -1.33636 0.702323
4770 0.993788 -1.33174 0.742061
4780 0.961087 -1.32496 0.760316
4790 0.983581 -1.31464 0.808068
4800 0.982629 -1.30689 0.84324
4810 1.01618 -1.31571 0.811665
4820 1.01558 -1.33564 0.742911
4830 0.991452 -1.33241 0.744777
4840 1.01138 -1.3378 0.724668
4850 1.0308 -1.3134 0.819879
4860 1.02515 -1.30361 0.857404
4870 1.01914 -1.3282 0.759202
4880 1.00253 -1.33131 0.739777
4890 1.01881 -1.313 0.833565
4900 1.01877 -1.31456 0.83649
4910 0.991728 -1.31287 0.83338
4920 1.00124 -1.31496 0.809767
4930 1.03978 -1.33514 0.756334
4940 1.02027 -1.31331 0.832344
4950 1.02035 -1.31939 0.847121
4960 1.00345 -1.33077 0.80964
4970 1.0112 -1.32035 0.832421
4980 0.996108 -1.33744 0.74641
4990 0.992137 -1.33874 0.732649
5000 1.0163 -1.32558 0.786761
5010 0.957756 -1.32393 0.748618
5020 0.993183 -1.3526 0.673229
5030 0.976985 -1.32254 0.786472
5040 0.978431 -1.31185 0.847629
5050 0.991244 -1.31193 0.872338
5060 1.01916 -1.30804 0.887524
5070 1.0572 -1.29387 0.93024
5080 1.07418 -1.29117 0.926218
5090 1.06381 -1.32532 0.775318
5100 1.02517 -1.33546 0.722554
5110 1.00214 -1.32235 0.77268
5120 0.98815 -1.31644 0.805346
5130 0.99317 -1.31787 0.806877
5140 0.981669 -1.31369 0.818796
5150 1.01318 -1.31415 0.821408
5160 1.00687 -1.30143 0.850622
5170 1.01304 -1.33936 0.715253
5180 1.04784 -1.33455 0.73446
5190 1.01058 -1.33355 0.736049
5200 1.04753 -1.3522 0.713309
5210 1.02353 -1.33078 0.776395
5220 0.987498 -1.33662 0.747672
5230 1.03045 -1.35073 0.712769
5240 0.983382 -1.3213 0.791622
5250 0.989311 -1.34447 0.698698
5260 0.994224 -1.32783 0.754273
5270 0.994236 -1.3324 0.747035
5280 0.971308 -1.31463 0.808442
5290 0.972106 -1.31488 0.804297
5300 0.966527 -1.3297 0.734419
5310 0.996575 -1.3355 0.73483
5320 0.984957 -1.33331 0.75106
5330 1.02637 -1.33238 0.754113
5340 0.972473 -1.3279 0.747314
5350 0.962263 -1.32355 0.765271
5360 0.972165 -1.34554 0.702188
5370 0.979274 -1.3296 0.760389
5380 1.01809 -1.3145 0.833432
5390 0.997552 -1.32444 0.779894
5400 0.990165 -1.31911 0.793042
5410 0.995707 -1.304 0.850073
5420 1.00064 -1.29791 0.874743
5430 0.98181 -1.32742 0.771358
5440 0.999312 -1.30823 0.862064
5450 0.975796 -1.32031 0.816242
5460 0.972574 -1.31811 0.823637
5470 1.03866 -1.34209 0.771989
5480 1.03145 -1.3183 0.863421
5490 1.00117 -1.32023 0.851637
5500 0.968832 -1.3389 0.776744
5510 0.97041 -1.33639 0.79664
5520 0.962441 -1.31078 0.867993
5530 0.972438 -1.33344 0.788482
5540 1.00242 -1.31809 0.843742
5550 0.997077 -1.32177 0.820427
5560 0.976262 -1.30297 0.850103
5570 0.958371 -1.29994 0.840567
5580 1.00347 -1.2815 0.896181
5590 0.9965 -1.31273 0.770021
5600 0.983078 -1.28088 0.846635
5610 1.02768 -1.29283 0.814572
5620 0.997541 -1.29483 0.823732
5630 1.00593 -1.29042 0.869117
5640 0.996007 -1.2874 0.880574
5650 1.02393 -1.33424 0.714842
5660 0.986754 -1.32496 0.709384
5670 1.02655 -1.3162 0.763463
5680 0.993313 -1.31174 0.798102
5690 0.960281 -1.3057 0.823158
5700 1.02213 -1.33403 0.750718
5710 1.01941 -1.32045 0.799406
5720 1.02087 -1.32585 0.792462
5730 0.995675 -1.31502 0.826375
5740 0.99312 -1.31617 0.832248
5750 0.990416 -1.29488 0.917617
5760 1.00196 -1.30134 0.911964
5770 0.992357 -1.32142 0.833124
5780 0.991293 -1.32754 0.799313
5790 0.97844 -1.32046 0.817624
5800 1.02279 -1.32354 0.828306
5810 1.032 -1.32449 0.82555
5820 1.0101 -1.30666 0.893471
5830 0.981441 -1.32649 0.810892
5840 0.993876 -1.33037 0.782357
5850 1.02335 -1.33791 0.761313
5860 0.966633 -1.32313 0.790934
5870 1.00046 -1.32192 0.836919
5880 0.971625 -1.2852 0.956954
5890 1.06754 -1.33118 0.831901
5900 1.03629 -1.32131 0.834395
5910 0.993007 -1.31225 0.834259
5920 1.05072 -1.33568 0.781184
5930 1.00546 -1.30076 0.867916
5940 1.0421 -1.29906 0.862381
5950 1.05574 -1.32614 0.750759
5960 1.01733 -1.29584 0.83577
5970 1.02808 -1.29953 0.818841
5980 0.990559 -1.28981 0.839691
5990 1.01541 -1.30691 0.786472
6000 1.02212 -1.33689 0.670733
6010 1.01734 -1.30757 0.785548
6020 1.03273 -1.30218 0.804971
6030 0.991882 -1.29689 0.801127
6040 1.06597 -1.30521 0.800746
6050 1.00668 -1.32191 0.737652
6060 0.989498 -1.29768 0.834802
6070 1.03348 -1.31274 0.799396
6080 1.04164 -1.29343 0.858543
6090 1.01796 -1.3074 0.829887
6100 1.03285 -1.3123 0.802673
6110 1.01417 -1.31582 0.772702
6120 0.983874 -1.30925 0.762467
6130 0.99918 -1.32177 0.716186
6140 0.982011 -1.33004 0.687617
6150 1.00477 -1.34954 0.636247
6160 1.0074 -1.33239 0.693043
6170 0.982196 -1.32679 0.718063
6180 0.982732 -1.32717 0.724697
6190 1.0034 -1.29461 0.843112
6200 1.02726 -1.32096 0.768537
6210 0.962559 -1.3151 0.769025
6220 1.0119 -1.33955 0.712727
6230 0.968793 -1.3273 0.746617
6240 0.97576 -1.30048 0.861584
6250 1.01642 -1.31021 0.835365
6260 0.986757 -1.31424 0.786584
6270 0.978179 -1.33682 0.683252
6280 0.976577 -1.3249 0.698905
6290 0.967897 -1.31644 0.708037
6300 0.998678 -1.31488 0.713507
6310 0.959104 -1.3408 0.602498
6320 0.970098 -1.3456 0.626169
6330 0.997463 -1.3468 0.663313
6340 1.02259 -1.34253 0.699328
6350 1.00637 -1.3255 0.762705
6360 0.988499 -1.34335 0.700101
6370 0.992205 -1.34428 0.692607
6380 0.981297 -1.35053 0.677957
6390 1.00919 -1.34735 0.720683
6400 0.972138 -1.31439 0.840311
6410 0.972371 -1.32932 0.765135
6420 0.972952 -1.33021 0.749003
6430 0.992295 -1.32462 0.790849
6440 0.940174 -1.30245 0.844376
6450 0.980762 -1.3216 0.794552
6460 0.938188 -1.30286 0.834871
6470 1.00255 -1.31707 0.809893
6480 1.01477 -1.306 0.847262
6490 1.00369 -1.33235 0.739235
6500 1.04137 -1.35832 0.662189
6510 1.00584 -1.33604 0.732856
6520 1.01525 -1.31301 0.81421
6530 1.00024 -1.30744 0.840464
6540 1.02704 -1.3203 0.80384
6550 1.05797 -1.32916 0.800018
6560 1.01889 -1.32818 0.79262
6570 0.995886 -1.32592 0.788998
6580 1.027 -1.32481 0.822909
6590 1.01677 -1.31211 0.864004
6600 1.02372 -1.31448 0.852456
6610 1.0199 -1.29469 0.909622
6620 1.00635 -1.30296 0.867092
6630 1.03128 -1.31174 0.848269
6640 1.01521 -1.29707 0.885492
6650 1.02977 -1.29065 0.920879
6660 0.976968 -1.29873 0.880138
6670 1.02313 -1.32096 0.815701
6680 0.994039 -1.31514 0.801481
6690 0.987509 -1.33218 0.72822
6700 0.986582 -1.30114 0.827784
6710 1.02656 -1.32903 0.75804
6720 0.977141 -1.32536 0.732504
6730 1.00111 -1.30342 0.819301
6740 1.0138 -1.29694 0.854599
6750 1.03818 -1.2897 0.892018
6760 1.02682 -1.30569 0.8295
6770 0.95695 -1.30288 0.812437
6780 0.974036 -1.29609 0.848001
6790 0.968634 -1.3274 0.741
6800 0.960351 -1.3136 0.77691
6810 0.946598 -1.29702 0.843217
6820 0.980653 -1.30683 0.84533
6830 0.991068 -1.31521 0.831959
6840 0.974431 -1.312 0.844932
6850 1.00333 -1.31206 0.831483
6860 0.994453 -1.31731 0.797269
6870 1.0401 -1.34122 0.73218
6880 0.971786 -1.32573 0.759455
6890 1.01727 -1.33853 0.763577
6900 1.01175 -1.33119 0.800357
6910 1.01985 -1.32514 0.835423
6920 1.00391 -1.315 0.884688
6930 1.00487 -1.30888 0.914948
6940 1.03364 -1.32905 0.863669
6950 1.03286 -1.31461 0.903548
6960 1.0237 -1.32274 0.882904
6970 1.03677 -1.32275 0.892421
6980 0.990935 -1.29775 0.952674
6990 1.01549 -1.33638 0.821722
7000 0.994134 -1.32642 0.828479
7010 0.982173 -1.32465 0.821703
7020 1.04462 -1.32466 0.839744
7030 1.03625 -1.31962 0.853235
7040 1.03672 -1.33504 0.798561
7050 1.04524 -1.31972 0.86863
7060 1.00889 -1.33168 0.812413
7070 1.01926 -1.33429 0.798264
7080 1.0393 -1.32444 0.82999
7090 0.973283 -1.30597 0.849805
7100 1.00426 -1.34346 0.75598
7110 0.945346 -1.33488 0.772019
7120 0.966988 -1.3541 0.709596
7130 0.975444 -1.35542 0.707912
7140 1.00628 -1.35478 0.741625
7150 1.01074 -1.32807 0.830053
7160 1.00588 -1.32177 0.823302
7170 0.986082 -1.3213 0.801005
7180 1.01206 -1.31238 0.8468
7190 1.04314 -1.33053 0.821616
7200 1.00429 -1.3077 0.889878
7210 1.01044 -1.32742 0.835245
7220 0.983767 -1.31873 0.853432
7230 1.01596 -1.32631 0.829743
7240 1.00743 -1.34321 0.777074
7250 0.972896 -1.33501 0.808014
7260 0.968029 -1.34055 0.787392
7270 0.973471 -1.35527 0.733761
7280 0.988458 -1.33199 0.824591
7290 1.01346 -1.35976 0.754588
7300 1.00738 -1.35366 0.785494
7310 1.00875 -1.37026 0.75151
7320 0.978937 -1.33224 0.890948
7330 0.99144 -1.32904 0.895019
7340 1.03544 -1.35146 0.814609
7350 0.964118 -1.35244 0.76915
7360 0.961625 -1.33885 0.79123
7370 0.998278 -1.33265 0.803852
7380 0.978663 -1.3306 0.79923
7390 0.983925 -1.33192 0.801758
7400 0.988499 -1.34507 0.77015
7410 1.01411 -1.33534 0.819134
7420 1.00043 -1.34994 0.762879
7430 0.991563 -1.3393 0.789207
7440 0.988937 -1.3381 0.807091
7450 0.974828 -1.32566 0.832947
7460 0.982849 -1.34425 0.754908
7470 0.997953 -1.34837 0.736818
7480 0.985002 -1.33983 0.761275
7490 0.967701 -1.3269 0.780251
7500 1.01863 -1.32261 0.794796
7510 1.05568 -1.31848 0.807753
7520 1.03572 -1.32983 0.744244
7530 1.01284 -1.33076 0.731016
7540 0.975887 -1.31723 0.765299
7550 0.971772 -1.28789 0.862777
7560 0.991818 -1.31491 0.776789
7570 0.993084 -1.33262 0.70034
7580 1.00392 -1.33138 0.713343
7590 1.01886 -1.33773 0.72415
7600 0.974055 -1.3166 0.801778
7610 0.983777 -1.32903 0.781604
7620 0.990348 -1.3181 0.832082
7630 1.01994 -1.32549 0.822434
7640 0.981234 -1.33628 0.770839
7650 0.987597 -1.31468 0.861702
7660 0.971842 -1.32193 0.852757
7670 0.991729 -1.33529 0.790131
7680 1.0229 -1.33695 0.764809
7690 1.03106 -1.32534 0.79565
7700 1.00756 -1.31709 0.808993
7710 1.00344 -1.31754 0.81121
7720 0.954846 -1.31418 0.814626
7730 1.02076 -1.32942 0.773522
7740 0.986205 -1.31921 0.780535
7750 0.987518 -1.3222 0.752945
7760 1.04526 -1.34004 0.695757
7770 1.00296 -1.32395 0.745491
7780 1.01033 -1.3251 0.785975
7790 0.957774 -1.31576 0.805317
7800 0.979834 -1.30649 0.840648
7810 1.00234 -1.32 0.809013
7820 1.0333 -1.31536 0.841123
7830 1.0211 -1.33047 0.807867
7840 0.958126 -1.2884 0.954961
7850 1.00841 -1.30492 0.916662
7860 0.997613 -1.32372 0.811583
7870 1.03366 -1.31834 0.82798
7880 1.01298 -1.3057 0.856573
7890 1.05311 -1.3123 0.855713
7900 0.990459 -1.30887 0.825452
7910 1.0443 -1.32024 0.809451
7920 0.994935 -1.28743 0.923178
7930 0.99684 -1.34389 0.736142
7940 0.994473 -1.31314 0.842479
7950 0.982123 -1.31862 0.851455
7960 1.01378 -1.30766 0.897708
7970 0.997736 -1.3333 0.798345
7980 0.979773 -1.33463 0.776745
7990 1.01631 -1.35708 0.698651
8000 1.00214 -1.34226 0.733626
8010 0.99887 -1.34018 0.724832
8020 1.00119 -1.33238 0.745515
8030 1.00315 -1.33872 0.718584
8040 0.971306 -1.33344 0.728548
8050 0.972969 -1.32057 0.779165
8060 0.99027 -1.32974 0.750092
8070 1.00287 -1.31343 0.824811
8080 0.974693 -1.31493 0.814044
8090 1 -1.30407 0.858629
8100 0.994779 -1.31129 0.833429
8110 1.01648 -1.30195 0.875286
8120 0.984805 -1.31807 0.825155
8130 0.986059 -1.30861 0.863195
8140 1.01249 -1.32083 0.841569
8150 0.984921 -1.31673 0.84219
8160 1.00417 -1.31597 0.838842
8170 0.982849 -1.29325 0.895181
8180 1.02204 -1.31946 0.831245
8190 1.02266 -1.33296 0.808071
8200 1.01758 -1.29627 0.936379
8210 0.999292 -1.29691 0.909029
8220 0.985529 -1.3222 0.799241
8230 0.971913 -1.32575 0.765387
8240 0.997882 -1.30716 0.841929
8250 0.95381 -1.31185 0.80752
8260 0.969828 -1.29883 0.85704
8270 0.949338 -1.31146 0.80621
8280 1.00329 -1.3314 0.774168
8290 1.02025 -1.30826 0.875136
8300 1.0024 -1.32794 0.794718
8310 1.03527 -1.33934 0.765021
8320 1.01331 -1.32099 0.834271
8330 1.03824 -1.33522 0.783058
8340 1.00947 -1.33011 0.775472
8350 1.01795 -1.3191 0.85377
8360 0.973835 -1.29784 0.922845
8370 1.02757 -1.31182 0.879296
8380 1.02278 -1.34141 0.757351
8390 1.03521 -1.33642 0.768495
8400 1.00026 -1.33803 0.73132
8410 0.97525 -1.34654 0.678974
8420 1.0189 -1.29603 0.867663
8430 0.987211 -1.32019 0.790032
8440 0.962276 -1.30524 0.828394
8450 1.01072 -1.30899 0.834822
8460 1.00258 -1.3214 0.784216
8470 0.988054 -1.29754 0.849217
8480 0.968813 -1.31472 0.7839
8490 1.00555 -1.33581 0.728387
8500 0.972426 -1.30378 0.810758
8510 0.998542 -1.32963 0.737035
8520 1.03363 -1.33225 0.745228
8530 0.980145 -1.31752 0.801915
8540 0.966295 -1.30815 0.855335
8550 0.980449 -1.33357 0.780067
8560 1.0206 -1.32941 0.812138
8570 1.00372 -1.32656 0.822868
8580 1.01499 -1.33454 0.801644
8590 0.963481 -1.34304 0.74464
8600 0.953903 -1.33151 0.77124
8610 0.989474 -1.32873 0.778999
8620 1.00049 -1.34841 0.717987
8630 0.996267 -1.33473 0.772828
8640 1.01006 -1.31148 0.863518
8650 0.9801 -1.32363 0.80004
8660 0.973977 -1.34601 0.703699
8670 0.970662 -1.3129 0.806183
8680 1.00958 -1.31265 0.813083
8690 0.976891 -1.33592 0.705854
8700 0.978262 -1.34873 0.645783
8710 0.978976 -1.33271 0.698474
8720 0.996503 -1.30367 0.818883
8730 1.02134 -1.30557 0.83411
8740 1.01376 -1.30065 0.836738
8750 1.00332 -1.28691 0.872509
8760 1.05028 -1.32217 0.768564
8770 0.996965 -1.32461 0.768214
8780 0.961321 -1.29016 0.896391
8790 0.926654 -1.29922 0.834055
8800 0.976094 -1.31585 0.781649
8810 0.985658 -1.31146 0.799466
8820 1.02106 -1.32058 0.770123
8830 0.993415 -1.31148 0.775821
8840 1.05958 -1.30365 0.820515
8850 0.994411 -1.28669 0.850048
8860 0.965463 -1.28077 0.85628
8870 0.975521 -1.29478 0.815806
8880 1.00139 -1.28812 0.84432
8890 1.01643 -1.32133 0.740699
8900 1.00618 -1.31546 0.764889
8910 1.00697 -1.30268 0.83441
8920 1.02482 -1.30096 0.87741
8930 1.02525 -1.3074 0.86551
8940 1.00685 -1.2994 0.87494
8950 0.979311 -1.30718 0.821852
8960 0.978795 -1.31793 0.786332
8970 0.982054 -1.31016 0.810091
8980 0.990813 -1.33288 0.739228
8990 0.981444 -1.32928 0.759435
9000 0.974154 -1.32872 0.761539
9010 1.0624 -1.31381 0.852152
9020 1.01115 -1.2992 0.89644
9030 1.00247 -1.33247 0.798578
9040 1.02162 -1.33512 0.799007
9050 1.01762 -1.32413 0.798635
9060 0.998608 -1.33298 0.743241
9070 0.972305 -1.33781 0.694167
9080 1.01547 -1.33707 0.711264
9090 0.968219 -1.3135 0.788386
9100 0.990319 -1.32395 0.772699
9110 0.987163 -1.32524 0.751264
9120 0.998841 -1.33178 0.722996
9130 0.97842 -1.33366 0.70795
9140 1.005 -1.35172 0.688245
9150 1.00572 -1.32934 0.793341
9160 1.03073 -1.32804 0.823908
9170 1.02498 -1.31883 0.865173
9180 0.985493 -1.32339 0.833185
9190 0.979878 -1.32581 0.818417
9200 0.973674 -1.3279 0.819459
9210 1.00764 -1.3383 0.783332
9220 0.983298 -1.33492 0.768535
9230 0.981834 -1.32333 0.807248
9240 0.986239 -1.33501 0.749814
9250 0.965381 -1.34653 0.703886
9260 1.02269 -1.33496 0.783809
9270 0.996521 -1.31785 0.861038
9280 0.94829 -1.30254 0.893274
9290 1.00195 -1.33726 0.787979
9300 1.02748 -1.3492 0.738793
9310 0.981849 -1.3458 0.724163
9320 0.940359 -1.31537 0.8369
9330 0.988617 -1.33818 0.801339
9340 1.00829 -1.3437 0.788233
9350 0.993069 -1.36579 0.688748
9360 0.941989 -1.32618 0.794366
9370 0.979434 -1.32569 0.801415
9380 0.991496 -1.34453 0.729703
9390 1.03495 -1.32317 0.828303
9400 0.996196 -1.32228 0.812731
9410 0.986161 -1.31387 0.832904
9420 0.992757 -1.33562 0.763257
9430 1.01156 -1.349 0.719268
9440 1.03667 -1.34266 0.766408
9450 0.992044 -1.32795 0.814009
9460 0.981074 -1.32314 0.82154
9470 1.0035 -1.32646 0.807743
9480 0.998682 -1.31442 0.838836
9490 0.985786 -1.30727 0.852036
9500 1.0139 -1.33409 0.777198
9510 0.989828 -1.30881 0.847301
9520 1.02658 -1.34039 0.74688
9530 0.997547 -1.32929 0.781417
9540 0.964909 -1.34107 0.76066
9550 0.962317 -1.34515 0.740228
9560 0.965894 -1.34391 0.719855
9570 0.988019 -1.33483 0.758177
9580 1.01602 -1.33975 0.747805
9590 1.00405 -1.33974 0.744053
9600 1.00456 -1.33903 0.756459
9610 0.981327 -1.34811 0.716976
9620 0.99839 -1.31728 0.835866
9630 1.0098 -1.3249 0.7956
9640 1.01238 -1.33391 0.762033
9650 1.00177 -1.35361 0.689542
9660 0.98698 -1.34309 0.711399
9670 0.99069 -1.32012 0.805622
9680 1.02284 -1.32284 0.823104
9690 0.981375 -1.32481 0.796681
9700 1.04258 -1.32668 0.813969
9710 1.03225 -1.30553 0.877588
9720 1.05407 -1.3204 0.831468
9730 1.0315 -1.30407 0.878922
9740 1.0207 -1.32276 0.791437
9750 1.07338 -1.33521 0.743234
9760 1.01176 -1.31039 0.796678
9770 1.05408 -1.32332 0.782615
9780 1.06446 -1.31266 0.847122
9790 1.02023 -1.30017 0.868333
9800 0.989211 -1.30284 0.840799
9810 0.998435 -1.29731 0.848281
9820 1.01755 -1.3114 0.794217
9830 1.0291 -1.30208 0.848161
9840 1.00253 -1.29813 0.874356
9850 1.0156 -1.28618 0.926853
9860 1.05629 -1.28914 0.93199
9870 1.01274 -1.28419 0.921897
9880 0.996352 -1.30941 0.816824
9890 0.974706 -1.3076 0.795717
9900 1.00455 -1.32146 0.753568
9910 0.994361 -1.32526 0.749627
9920 0.997334 -1.32779 0.737903
9930 1.01887 -1.32578 0.760288
9940 1.01421 -1.30183 0.855212
9950 1.01005 -1.31326 0.822369
9960 1.01685 -1.29878 0.864532
9970 1.00612 -1.31986 0.777691
9980 0.997452 -1.3252 0.740859
9990 0.982434 -1.32029 0.746077
10000 0.976982 -1.3219 0.722324
10010 1.01117 -1.3212 0.720906
10020 0.927986 -1.31679 0.704156
10030 0.956787 -1.31215 0.744823
10040 1.01059 -1.30973 0.777123
10050 1.01571 -1.32503 0.735279
10060 1.00291 -1.32378 0.735783
10070 1.00305 -1.31325 0.769406
10080 1.02048 -1.305 0.801538
